0.0109749 0.0124246 0 
0.0148683 0 0 
0.0297366 0 0 
0.0148683 0 0 
0.0148683 0 0 
0.0148683 0 0 
0.00548746 0.0248493 0 
0.0297366 0 0 
0.00548746 0.0248493 0 
0.0148683 0 0 
0.0148683 0 0 
0.0148683 0 0 
0.0148683 0 0 
0.0594733 0 0 
0.0148683 0 0 
0.00548746 0.0124246 0 
0.044605 0 0 
0 0 0 
0.0148683 0 0 
0.0148683 0 0 
0.0148683 0 0 
0.0148683 0 0 
0.0297366 0 0 
0.0148683 0 0 
0.0148683 0 0 
0.0109749 0 0.014498 
0.0148683 0 0 
0.0148683 0 0 
0.0148683 0 0 
0.0594733 0 0 
0.0148683 0 0 
0.0148683 0 0 
0.0148683 0 0 
0.0148683 0 0 
0.044605 0 0 
0.0594733 0 0 
0.0297366 0 0 
0.044605 0 0 
0.0148683 0 0 
0.0148683 0 0 
0.0297366 0 0 
0.0148683 0 0 
0.044605 0 0 
0.0148683 0 0 
0.0148683 0 0 
0.0148683 0 0 
0.0148683 0 0 
0.341971 0 0 
0.0148683 0 0 
0.0297366 0 0 
0.044605 0 0 
0.0297366 0 0 
0.0148683 0 0 
0.0148683 0 0 
0.0148683 0 0 
0.044605 0 0 
0.0297366 0 0 
0.0148683 0 0 
0.0148683 0 0 
0.0148683 0 0 
0.00548746 0.0124246 0 
0.0297366 0 0 
0.0148683 0 0 
0.0148683 0 0 
0.0219498 0 0.014498 
0.0148683 0 0 
0.0148683 0 0 
0.0743416 0 0 
0.0148683 0 0 
0.0297366 0 0 
0.0148683 0 0 
0.0148683 0 0 
0.0297366 0 0 
0.0297366 0 0 
0.0297366 0 0 
0.0148683 0 0 
0.0297366 0 0 
0.0148683 0 0 
0.0148683 0 0 
0.0148683 0 0 
0.0148683 0 0 
0.0148683 0 0 
0.0823118 0 0.014498 
0.0148683 0 0 
0.0297366 0 0 
0.0297366 0 0 
0.0297366 0 0 
0.0148683 0 0 
0.0148683 0 0 
0.0329247 0.0124246 0 
0.0148683 0 0 
0.0148683 0 0 
0.0148683 0 0 
0.0148683 0 0 
0.0297366 0 0 
0.0148683 0 0 
0.0148683 0 0 
0.133815 0 0 
0.0148683 0 0 
0.0148683 0 0 
0.0148683 0 0 
0.0109749 0 0.014498 
0.0148683 0 0 
0.0148683 0 0 
0.0297366 0 0 
0.0148683 0 0 
0.0148683 0 0 
0.0297366 0 0 
0.0219498 0.0124246 0 
0.0297366 0 0 
0.0148683 0 0 
0.0297366 0 0 
0.0148683 0 0 
0.0148683 0 0 
0.0148683 0 0 
0.0297366 0 0 
0.0297366 0 0 
0.0297366 0 0 
0.0297366 0 0 
0.0109749 0 0.0434941 
0.0148683 0 0 
0.0148683 0 0 
0.0148683 0 0 
0.0297366 0 0 
0.0148683 0 0 
0.0594733 0 0 
0.104078 0 0 
0.0148683 0 0 
0.0297366 0 0 
0.0109749 0.0248493 0 
0.0148683 0 0 
0.0297366 0 0 
0.0164624 0.0124246 0 
0.0148683 0 0 
0.0148683 0 0 
0.0148683 0 0 
0.0148683 0 0 
0.0148683 0 0 
0.0148683 0 0 
0.0297366 0 0 
0.0148683 0 0 
0.0148683 0 0 
0.0148683 0 0 
0.0148683 0 0 
0.0148683 0 0 
0.0148683 0 0 
0.104078 0 0 
0.0109749 0.0124246 0 
0.0148683 0 0 
0.0148683 0 0 
0.00548746 0 0.0434941 
0.0297366 0 0 
0.0148683 0 0 
0 0 0 
0.0148683 0 0 
0.0297366 0 0 
0.0148683 0 0 
0.00548746 0 0.0289961 
0.0148683 0 0 
0.0148683 0 0 
0.0148683 0 0 
0.0148683 0 0 
0.0148683 0 0 
0.0148683 0 0 
0.0148683 0 0 
0.0148683 0 0 
0.0148683 0 0 
0.044605 0 0 
0.0148683 0 0 
0.0148683 0 0 
0.0297366 0 0 
0.0148683 0 0 
0.0148683 0 0 
0.0297366 0 0 
0.0148683 0 0 
0.0148683 0 0 
0.133815 0 0 
0.0297366 0 0 
0.00548746 0.0124246 0 
0.0148683 0 0 
0.0148683 0 0 
0.00548746 0.0124246 0 
0.0148683 0 0 
0.044605 0 0 
0.0148683 0 0 
0.0148683 0 0 
0.0148683 0 0 
0.0148683 0 0 
0.0297366 0 0 
0.0148683 0 0 
0.0148683 0 0 
0.0148683 0 0 
0.0148683 0 0 
0.0148683 0 0 
0.0148683 0 0 
0.0148683 0 0 
0.0148683 0 0 
0.044605 0 0 
0.0148683 0 0 
0.0148683 0 0 
0.0297366 0 0 
0.0297366 0 0 
0.0219498 0 0.014498 
0.0148683 0 0 
0.104078 0 0 
0.0148683 0 0 
0.0148683 0 0 
0.148683 0 0 
0.0148683 0 0 
0.044605 0 0 
0.0148683 0 0 
0.0148683 0 0 
0.0297366 0 0 
0.0148683 0 0 
0.0148683 0 0 
0.0148683 0 0 
0.0148683 0 0 
0.0148683 0 0 
0.0148683 0 0 
0.0148683 0 0 
0.0148683 0 0 
0.0148683 0 0 
0.0297366 0 0 
0.0109749 0 0.014498 
0.0148683 0 0 
0.0297366 0 0 
0.0297366 0 0 
0.0892099 0 0 
0.00548746 0 0.014498 
0.0148683 0 0 
0.0148683 0 0 
0.00548746 0 0.014498 
0.0297366 0 0 
0.0297366 0 0 
0.0148683 0 0 
0.0148683 0 0 
0.0148683 0 0 
0.0219498 0.0124246 0 
0.00548746 0 0.014498 
0.0148683 0 0 
0.0297366 0 0 
0.0297366 0 0 
0.0148683 0 0 
0.0109749 0.0124246 0 
0.0148683 0 0 
0.0148683 0 0 
0.0297366 0 0 
0.0148683 0 0 
0.0148683 0 0 
0.0148683 0 0 
0.0297366 0 0 
0.0148683 0 0 
0.0148683 0 0 
0.0148683 0 0 
0.0148683 0 0 
0.0148683 0 0 
0.0148683 0 0 
0.0148683 0 0 
0.0148683 0 0 
0.044605 0 0 
0.0297366 0 0 
0.0297366 0 0 
0.0148683 0 0 
0.044605 0 0 
0.0148683 0 0 
0.0148683 0 0 
0.0148683 0 0 
0.0297366 0 0 
0.0148683 0 0 
0.0297366 0 0 
0.0148683 0 0 
0.0297366 0 0 
0.0148683 0 0 
0.00548746 0 0.014498 
0.0148683 0 0 
0.044605 0 0 
0.0148683 0 0 
0.0148683 0 0 
0.0148683 0 0 
0.0297366 0 0 
0.0594733 0 0 
0.0148683 0 0 
0.0297366 0 0 
0.0148683 0 0 
0.0297366 0 0 
0.17842 0 0 
0.0148683 0 0 
0.0148683 0 0 
0.0892099 0 0 
0.0297366 0 0 
0.0148683 0 0 
0.0148683 0 0 
0.00548746 0.0124246 0 
0.0148683 0 0 
0.0743416 0 0 
0.0148683 0 0 
0.0297366 0 0 
0.0297366 0 0 
0.044605 0 0 
0.0148683 0 0 
0.0148683 0 0 
0.00548746 0.0124246 0 
0.0297366 0 0 
0.044605 0 0 
0.0148683 0 0 
0.104078 0 0 
0.0297366 0 0 
0.0148683 0 0 
0.044605 0 0 
0.0148683 0 0 
0.0148683 0 0 
0.0548746 0.0993972 0 
0.0594733 0 0 
0.0148683 0 0 
0.0329247 0.0124246 0 
0.0148683 0 0 
0.0594733 0 0 
0.0743416 0 0 
0.0164624 0.0248493 0 
0.118947 0 0 
0.0148683 0 0 
0.0148683 0 0 
0.0148683 0 0 
0.0148683 0 0 
0.0148683 0 0 
0.0109749 0.0248493 0 
0.0148683 0 0 
0.208157 0 0 
0.044605 0 0 
0.00548746 0 0.014498 
0.0384122 0.0124246 0 
0.0148683 0 0 
0.0148683 0 0 
0.0148683 0 0 
0.00548746 0.0621232 0 
0.0743416 0 0 
0.0148683 0 0 
0.0148683 0 0 
0.0148683 0 0 
0.044605 0 0 
0.0148683 0 0 
0.0219498 0.0124246 0 
0.0148683 0 0 
0.00548746 0 0.014498 
0.0148683 0 0 
0.0297366 0 0 
0.0148683 0 0 
0.0148683 0 0 
0.0148683 0 0 
0.0148683 0 0 
0.0148683 0 0 
0.0148683 0 0 
0.0493871 0.0372739 0 
0.0148683 0 0 
0.0148683 0 0 
0.0297366 0 0 
0.0109749 0 0.014498 
0.0148683 0 0 
0.0297366 0 0 
0.0594733 0 0 
0.0297366 0 0 
0.0297366 0 0 
0.431181 0 0 
0.0148683 0 0 
0.0148683 0 0 
0.044605 0 0 
0.0148683 0 0 
0.0148683 0 0 
0.0148683 0 0 
0.00548746 0.0124246 0 
0.0148683 0 0 
0.0148683 0 0 
0.0148683 0 0 
0.0148683 0 0 
0.0297366 0 0 
0.0148683 0 0 
0.00548746 0 0.014498 
0.0594733 0 0 
0.0148683 0 0 
0.0297366 0 0 
0.0148683 0 0 
0.0109749 0 0.014498 
0.0148683 0 0 
0.0164624 0 0.0289961 
0.0148683 0 0 
0.0297366 0 0 
0.0148683 0 0 
0.0594733 0 0 
0.0148683 0 0 
0.17842 0 0 
0.0297366 0 0 
0 0 0 
0.0148683 0 0 
0.0148683 0 0 
0.0148683 0 0 
0.00548746 0.0124246 0 
0.0148683 0 0 
0.0148683 0 0 
0.0743416 0 0 
0.0594733 0 0 
0.0297366 0 0 
0.104078 0 0 
0.0148683 0 0 
0.0297366 0 0 
0.0743416 0 0 
0.0148683 0 0 
0.0297366 0 0 
0.00548746 0 0.014498 
0.0148683 0 0 
0.0109749 0 0.014498 
0.0148683 0 0 
0.223025 0 0 
0.0892099 0 0 
0.0148683 0 0 
0.0148683 0 0 
0.0297366 0 0 
0.0148683 0 0 
0.0148683 0 0 
0.0148683 0 0 
0 0 0 
0 0 0 
0.0148683 0 0 
0.0148683 0 0 
0.0148683 0 0 
0.0594733 0 0 
0.0148683 0 0 
0.0297366 0 0 
0.0148683 0 0 
0.0148683 0 0 
0.0297366 0 0 
0.0148683 0 0 
0.0109749 0 0.014498 
0.0148683 0 0 
0.00548746 0 0.014498 
0.0148683 0 0 
0.0148683 0 0 
0.0148683 0 0 
0.0148683 0 0 
0.0148683 0 0 
0.0148683 0 0 
0.0148683 0 0 
0.0148683 0 0 
0.0148683 0 0 
0.044605 0 0 
0.0109749 0.0124246 0 
0.00548746 0 0.014498 
0.0148683 0 0 
0.0148683 0 0 
0.0148683 0 0 
0.0148683 0 0 
0.0148683 0 0 
0.0148683 0 0 
0.044605 0 0 
0.0148683 0 0 
0.0148683 0 0 
0.0148683 0 0 
0.0148683 0 0 
0.0297366 0 0 
0.0148683 0 0 
0.0148683 0 0 
0.0148683 0 0 
0.0148683 0 0 
0.0148683 0 0 
0.0148683 0 0 
0.0148683 0 0 
0.0148683 0 0 
0.0148683 0 0 
0.0148683 0 0 
0 0 0 
0.044605 0 0 
0.0148683 0 0 
0.0148683 0 0 
0.0148683 0 0 
0.0148683 0 0 
0.104078 0 0 
0.0297366 0 0 
0.0297366 0 0 
0.0148683 0 0 
0.0594733 0 0 
0.0148683 0 0 
0.0148683 0 0 
0.0148683 0 0 
0.0148683 0 0 
0.0148683 0 0 
0.0148683 0 0 
0.0148683 0 0 
0.0148683 0 0 
0.0148683 0 0 
0.0219498 0 0.014498 
0.0148683 0 0 
0.0148683 0 0 
0.0148683 0 0 
0.0297366 0 0 
0.0148683 0 0 
0.0148683 0 0 
0.0148683 0 0 
0.0297366 0 0 
0.0148683 0 0 
0.044605 0 0 
0.0219498 0.0248493 0 
0.0148683 0 0 
0.0148683 0 0 
0.044605 0 0 
0.0148683 0 0 
0.0148683 0 0 
0.0148683 0 0 
0.0148683 0 0 
0.0148683 0 0 
0.0743416 0 0 
0.0148683 0 0 
0.0148683 0 0 
0.0148683 0 0 
0.0297366 0 0 
0.0109749 0.0248493 0 
0.0148683 0 0 
0.0297366 0 0 
0.0297366 0 0 
0.193288 0 0 
0.0148683 0 0 
0.0148683 0 0 
0.0297366 0 0 
0.0109749 0.0869725 0 
0.0148683 0 0 
0.0148683 0 0 
0.0297366 0 0 
0.0148683 0 0 
0.0148683 0 0 
0.0594733 0 0 
0.0892099 0 0 
0.0148683 0 0 
0.0148683 0 0 
0 0 0 
0.0297366 0 0 
0.0148683 0 0 
0.0148683 0 0 
0.044605 0 0 
0.0594733 0 0 
0.0594733 0 0 
0.0148683 0 0 
0.0148683 0 0 
0.0148683 0 0 
0.0297366 0 0 
0.0148683 0 0 
0.0148683 0 0 
0.0148683 0 0 
0.0148683 0 0 
0.0148683 0 0 
0.0148683 0 0 
0.0148683 0 0 
0.0148683 0 0 
0.044605 0 0 
0.0297366 0 0 
0.0148683 0 0 
0.044605 0 0 
0.0148683 0 0 
0.0109749 0.0248493 0 
0.0274373 0 0.014498 
0.0297366 0 0 
0.00548746 0 0.0289961 
0.0297366 0 0 
0.0148683 0 0 
0.0148683 0 0 
0.0148683 0 0 
0.0148683 0 0 
0.0109749 0 0.014498 
0.0148683 0 0 
0.0219498 0 0.014498 
0.0148683 0 0 
0.0148683 0 0 
0.00548746 0.0124246 0 
0.0297366 0 0 
0.0148683 0 0 
0.0148683 0 0 
0.044605 0 0 
0.044605 0 0 
0 0.336647 0 
0 0.0336647 0 
0 0.0673294 0 
0 0.0673294 0 
0 0.0336647 0 
0 0.0336647 0 
0 0.0673294 0 
0 0.0336647 0 
0 0.0673294 0 
0 0.0336647 0 
0 0.0336647 0 
0 0.0336647 0 
0 0.0336647 0 
0 0.0673294 0 
0 0.0336647 0 
0 0.0336647 0 
0 0.0336647 0 
0 0.0336647 0 
0 0.0336647 0 
0 0.0336647 0 
0 0.0336647 0 
0 0.0336647 0 
0 0.0336647 0 
0 0.0336647 0 
0 0.100994 0 
0 0.0673294 0 
0 0.0336647 0 
0 0.0336647 0 
0 0.0336647 0 
0 0.0336647 0 
0 0.0336647 0 
0 0.0673294 0 
0 0.0336647 0 
0 0.0673294 0 
0 0.134659 0 
0 0.0336647 0 
0 0.0336647 0 
0 0.100994 0 
0 0.0336647 0 
0 0.0336647 0 
0 0.100994 0 
0 0.0336647 0 
0 0.0673294 0 
0 0.0673294 0 
0 0.0336647 0 
0 0.0336647 0 
0 0.0673294 0 
0 0.0336647 0 
0 0.0336647 0 
0 0.0336647 0 
0 0.0336647 0 
0 0.0336647 0 
0 0.0673294 0 
0 0.0336647 0 
0 0.0336647 0 
0 0.0336647 0 
0 0.0336647 0 
0 0.0336647 0 
0 0.0336647 0 
0 0.0336647 0 
0 0.0336647 0 
0 0.0336647 0 
0 0.0673294 0 
0 0.0336647 0 
0 0.0336647 0 
0 0.0336647 0 
0 0.0336647 0 
0 0.0336647 0 
0 0.0673294 0 
0 0.0336647 0 
0 0.269318 0 
0 0.201988 0 
0 0.100994 0 
0 0.0336647 0 
0 0.0336647 0 
0 0.0124246 0.014498 
0 0.0336647 0 
0 0.0336647 0 
0 0.0336647 0 
0 0.0336647 0 
0 0.0336647 0 
0 0.0336647 0 
0 0.0336647 0 
0 0.0336647 0 
0 0.0336647 0 
0 0.100994 0 
0 0.0336647 0 
0 0.0336647 0 
0 0.100994 0 
0 0.269318 0 
0 0.0336647 0 
0 0.100994 0 
0 0.0336647 0 
0 0.0336647 0 
0 0.0673294 0 
0 0.0673294 0 
0 0.0336647 0 
0 0.100994 0 
0 0.0336647 0 
0 0.168324 0 
0 0.0336647 0 
0 0.0336647 0 
0 0.100994 0 
0 0.0336647 0 
0 0.0336647 0 
0 0.100994 0 
0 0.0673294 0 
0 0.0336647 0 
0 0.0336647 0 
0 0.0336647 0 
0 0.0673294 0 
0 0.0336647 0 
0 0.0673294 0 
0 0.0336647 0 
0 0.0124246 0.014498 
0 0.0673294 0 
0 0.134659 0 
0 0.0336647 0 
0 0.0336647 0 
0 0.0336647 0 
0 0.100994 0 
0 0.0673294 0 
0 0.0336647 0 
0 0.0336647 0 
0 0.100994 0 
0 0.0336647 0 
0 0.0336647 0 
0 0.0124246 0.014498 
0 0.0336647 0 
0 0.0336647 0 
0 0.0336647 0 
0 0.0336647 0 
0 0.0336647 0 
0 0.0336647 0 
0 0.0336647 0 
0 0.0336647 0 
0 0.0336647 0 
0 0.0124246 0.014498 
0 0.0336647 0 
0 0.0336647 0 
0 0.0336647 0 
0 0.0336647 0 
0 0.0673294 0 
0 0.0336647 0 
0 0.100994 0 
0 0.0673294 0 
0 0.0673294 0 
0 0.0336647 0 
0 0.0673294 0 
0 0.235653 0 
0 0.0336647 0 
0 0.0336647 0 
0 0.302982 0 
0 0.0673294 0 
0 0.0673294 0 
0 0.0993972 0.014498 
0 0.0673294 0 
0 0.134659 0 
0 0.0673294 0 
0 0.0336647 0 
0 0.0673294 0 
0 0.201988 0 
0 0.0336647 0 
0 0.0336647 0 
0 0.0336647 0 
0 0 0.0392826 
0 0 0.0785652 
0 0 0.0392826 
0 0 0.0392826 
0 0 0.0392826 
0 0 0.0392826 
0 0 0.0392826 
0 0 0.0392826 
0 0 0.0392826 
0 0 0.0392826 
0 0 0.0785652 
0 0 0.0392826 
0 0 0.0392826 
0 0 0.0392826 
0 0 0.0392826 
0 0 0.0785652 
0 0 0.0392826 
0 0 0.0392826 
0 0 0.0392826 
0 0 0.196413 
0 0 0.0392826 
0 0 0.0392826 
0 0 0.0392826 
0 0 0.0392826 
0 0 0.0392826 
0 0 0.0392826 
0 0 0.0392826 
0 0 0.0392826 
0 0 0.353543 
0 0 0.0392826 
0 0 0.117848 
0 0 0.0392826 
0 0 0.0392826 
0 0 0.0392826 
0 0 0.0392826 
0 0 0.274978 
0 0 0.0392826 
0 0 0.117848 
0 0 0.0392826 
0 0 0.0392826 
0 0 0.0785652 
0 0 0.392826 
0 0 0.0392826 
0 0 0.0392826 
0 0 0.0392826 
0 0 0.0392826 
0 0 0.0392826 
0 0 0.0392826 
0 0 0.0392826 
0 0 0.0392826 
0 0 0.0392826 
0 0 0.0392826 
0 0 0.0392826 
0 0 0.0392826 
0 0 0.0392826 
0 0 0.0392826 
0 0 0.0392826 
0 0 0.117848 
0 0 0.0392826 
0 0 0.0392826 
0 0 0.0392826 
0 0 0.0392826 
0 0 0.0392826 
0 0 0.0392826 
0 0 0.235696 
0 0 0.0392826 
0 0 0.0392826 
0 0 0.0392826 
0 0 0.0785652 
0 0 0.0392826 
0 0 0.0392826 
0 0 0.0392826 
0 0 0.0392826 
0 0 0.0392826 
0 0 0.0392826 
0 0 0.0392826 
0 0 0.0392826 
0 0 0.0392826 
0 0 0.235696 
0 0 0.0392826 
0 0 0.0392826 
0 0 0.0392826 
0 0 0.196413 
0 0 0.0785652 
0 0 0.0392826 
0 0 0.0392826 
0 0 0.0785652 
0 0 0.0392826 
0 0 0.0392826 
0 0 0.0392826 
0 0 0.0392826 
0 0 0.0392826 
0 0 0.0392826 
0 0 0.0392826 
0 0 0.0392826 
0 0 0.0392826 
0 0 0.0392826 
0 0 0.0392826 
0 0 0.0785652 
0 0 0.0392826 
0 0 0.0392826 
0 0 0.0392826 
0 0 0.0392826 
0 0 0.0392826 
0 0 0.0392826 
0 0 0.0392826 
0 0 0.0392826 
0 0 0.117848 
0 0 0.0392826 
0 0 0.0392826 
0 0 0.0392826 
0 0 0.0392826 
0 0 0.0392826 
0 0 0.0785652 
0 0 0.0392826 
0 0 0.0392826 
0 0 0.0392826 
0 0 0.0785652 
0 0 0.0392826 
0 0 0.15713 
0 0 0.0392826 
0 0 0.0392826 
0 0 0.117848 
0 0 0.0392826 
0 0 0.0392826 
0 0 0.0392826 
0 0 0.0392826 
0 0 0.314261 
0 0 0.0392826 
0 0 0.0392826 
0 0 0.0392826 
0 0 0.117848 
0 0 0.0392826 
0 0 0.0785652 
0 0 0.0392826 
0 0 0.0392826 
